{
 "cells": [
  {
   "cell_type": "code",
   "execution_count": null,
   "id": "b23de0d3",
   "metadata": {
    "scrolled": true
   },
   "outputs": [],
   "source": [
    "# L2_cal.py\n",
    "\n",
    "import cv2\n",
    "import numpy as np\n",
    "import os\n",
    "import glob\n",
    " \n",
    "# Defining the dimensions of checkerboard\n",
    "CHECKERBOARD = (6,9)\n",
    "criteria = (cv2.TERM_CRITERIA_EPS + cv2.TERM_CRITERIA_MAX_ITER, 30, 0.001)\n",
    " \n",
    "# Creating vector to store vectors of 3D points for each checkerboard image\n",
    "objpoints = []\n",
    "# Creating vector to store vectors of 2D points for each checkerboard image\n",
    "imgpoints = [] \n",
    " \n",
    " \n",
    "# Defining the world coordinates for 3D points\n",
    "objp = np.zeros((1, CHECKERBOARD[0] * CHECKERBOARD[1], 3), np.float32)\n",
    "objp[0,:,:2] = np.mgrid[0:CHECKERBOARD[0], 0:CHECKERBOARD[1]].T.reshape(-1, 2)\n",
    "prev_img_shape = None\n",
    " \n",
    "# Extracting path of individual image stored in a given directory\n",
    "images = glob.glob('./3A/*.jpg')\n",
    "for fname in images:\n",
    "    img = cv2.imread(fname)\n",
    "    gray = cv2.cvtColor(img,cv2.COLOR_BGR2GRAY)\n",
    "    # Find the chess board corners\n",
    "    # If desired number of corners are found in the image then ret = true\n",
    "    ret, corners = cv2.findChessboardCorners(gray, CHECKERBOARD, cv2.CALIB_CB_ADAPTIVE_THRESH + cv2.CALIB_CB_FAST_CHECK + cv2.CALIB_CB_NORMALIZE_IMAGE)\n",
    "     \n",
    "    \"\"\"\n",
    "    If desired number of corner are detected,\n",
    "    we refine the pixel coordinates and display \n",
    "    them on the images of checker board\n",
    "    \"\"\"\n",
    "    if ret == True:\n",
    "        objpoints.append(objp)\n",
    "        # refining pixel coordinates for given 2d points.\n",
    "        corners2 = cv2.cornerSubPix(gray, corners, (11,11),(-1,-1), criteria)\n",
    "         \n",
    "        imgpoints.append(corners2)\n",
    " \n",
    "        # Draw and display the corners\n",
    "        img = cv2.drawChessboardCorners(img, CHECKERBOARD, corners2, ret)\n",
    "     \n",
    "    cv2.imshow('img',img)\n",
    "    cv2.waitKey(0)\n",
    " \n",
    "cv2.destroyAllWindows()\n",
    " \n",
    "h,w = img.shape[:2]\n",
    " \n",
    "\"\"\"\n",
    "Performing camera calibration by \n",
    "passing the value of known 3D points (objpoints)\n",
    "and corresponding pixel coordinates of the \n",
    "detected corners (imgpoints)\n",
    "\"\"\"\n",
    "ret, mtx, dist, rvecs, tvecs = cv2.calibrateCamera(objpoints, imgpoints, gray.shape[::-1], None, None)\n",
    " \n",
    "print(\"Camera matrix : \\n\")\n",
    "print(mtx)\n",
    "print(\"dist : \\n\")\n",
    "print(dist)\n",
    "print(\"rvecs : \\n\")\n",
    "print(rvecs)\n",
    "print(\"tvecs : \\n\")\n",
    "print(tvecs)\n"
   ]
  },
  {
   "cell_type": "markdown",
   "id": "7a420d2e",
   "metadata": {},
   "source": [
    "# 3.A: liste todos os parametros obtidos, colocando-os nas formas de vetores e matrizes (Matriz K, matriz R, vetor t, vetor dos coeficientes de distorção)\n",
    "\n",
    "Do código 3A executado,foram obtido os seguintes parâmetros:\n",
    "```python\n",
    "Camera matrix : \n",
    "[[536.07345302   0.         342.37047252]\n",
    " [  0.         536.01636339 235.53687724]\n",
    " [  0.           0.           1.        ]]\n",
    "\n",
    "dist : \n",
    "[[-0.26509044 -0.04674186  0.00183301 -0.00031469  0.25231153]]\n",
    "\n",
    "rvecs : \n",
    "(array([[-0.08398729],\n",
    "       [ 0.34802798],\n",
    "       [-1.54244125]]), array([[-0.22584614],\n",
    "       [ 1.0155115 ],\n",
    "       [-2.79470623]]), array([[-0.34698232],\n",
    "       [-0.06738512],\n",
    "       [-1.20088998]]), array([[-0.27527313],\n",
    "       [ 0.1012335 ],\n",
    "       [-1.56296568]]), array([[-0.4735952 ],\n",
    "       [ 0.08970834],\n",
    "       [-0.22605981]]), array([[0.06525918],\n",
    "       [0.44701842],\n",
    "       [0.10800013]]), array([[-0.10141628],\n",
    "       [ 0.32034812],\n",
    "       [ 0.3147293 ]]), array([[-0.35339067],\n",
    "       [ 0.24071863],\n",
    "       [ 0.20970027]]), array([[ 0.48287277],\n",
    "       [-0.17037077],\n",
    "       [-1.40740327]]), array([[ 0.05280128],\n",
    "       [-0.60171832],\n",
    "       [-0.18453815]]), array([[-0.37463355],\n",
    "       [ 0.06982818],\n",
    "       [-0.01937111]]), array([[ 0.49542337],\n",
    "       [ 0.11948808],\n",
    "       [-0.29675958]]), array([[ 0.19721096],\n",
    "       [-0.42009963],\n",
    "       [-0.1949708 ]]))\n",
    "\n",
    "tvecs : \n",
    "(array([[-2.96218416],\n",
    "       [ 0.57158931],\n",
    "       [16.83013775]]), array([[ 2.5339942 ],\n",
    "       [ 4.31999127],\n",
    "       [13.71919122]]), array([[-3.42743599],\n",
    "       [ 0.4873819 ],\n",
    "       [11.56153507]]), array([[-3.99388097],\n",
    "       [ 2.27704342],\n",
    "       [12.68878108]]), array([[-2.51791825],\n",
    "       [-3.43069106],\n",
    "       [12.85702135]]), array([[ 2.2074184 ],\n",
    "       [-3.21446614],\n",
    "       [15.60125393]]), array([[-3.72585433],\n",
    "       [-4.31084851],\n",
    "       [17.20439704]]), array([[-1.59004094],\n",
    "       [-4.31771235],\n",
    "       [14.01040668]]), array([[-3.50264636],\n",
    "       [ 1.61595403],\n",
    "       [11.97222152]]), array([[-2.16838793],\n",
    "       [-3.50011196],\n",
    "       [10.73694991]]), array([[-2.9584873 ],\n",
    "       [-3.94417974],\n",
    "       [13.21423743]]), array([[-3.40557513],\n",
    "       [-2.41042316],\n",
    "       [12.58706805]]), array([[-2.67642941],\n",
    "       [-3.18945603],\n",
    "       [10.58262241]]))\n",
    "```\n",
    "\n",
    "---\n",
    "\n",
    "## Matriz K:\n",
    "```python \n",
    "[[536.07     0          342.37   ]   \n",
    "[  0       536.02      235.53   ]\n",
    "[  0         0            1     ]]\n",
    "```\n",
    "\n",
    "## Matrizes de rotação:\n",
    "```python\n",
    "Matriz de Rotação 1:\n",
    "[[-0.00980077  0.96222056  0.27209471]\n",
    " [-0.98583134  0.03626968 -0.16377143]\n",
    " [-0.16745303 -0.26984458  0.94823171]]\n",
    "\n",
    "Matriz de Rotação 2:\n",
    "[[-0.9759021   0.0976268   0.19515146]\n",
    " [-0.20013528 -0.75683746 -0.6222081 ]\n",
    " [ 0.08695375 -0.64627089  0.75813784]]\n",
    "\n",
    "Matriz de Rotação 3:\n",
    "[[ 0.36632319  0.92116245  0.13140422]\n",
    " [-0.90067926  0.31557571  0.298645  ]\n",
    " [ 0.23363258 -0.22775364  0.94527461]]\n",
    "\n",
    "Matriz de Rotação 4:\n",
    "[[ 0.01109733  0.971425    0.23708715]\n",
    " [-0.99389249 -0.01531807  0.10928435]\n",
    " [ 0.10979327 -0.23685191  0.96532202]]\n",
    "\n",
    "Matriz de Rotação 5:\n",
    "[[ 0.9711167   0.19478528  0.13780803]\n",
    " [-0.23627664  0.86552416  0.44163479]\n",
    " [-0.03325222 -0.46143974  0.88654817]]\n",
    "\n",
    "Matriz de Rotação 6:\n",
    "[[ 0.89614282 -0.08983267  0.43457812]\n",
    " [ 0.118484    0.99218072 -0.03922963]\n",
    " [-0.42765592  0.08664591  0.89977936]]\n",
    "\n",
    "Matriz de Rotação 7:\n",
    "[[ 0.90092991 -0.31968741  0.29347106]\n",
    " [ 0.28776872  0.94628897  0.14739861]\n",
    " [-0.3248299  -0.04834402  0.94453607]]\n",
    "\n",
    "Matriz de Rotação 8:\n",
    "[[ 0.94999608 -0.24359885  0.1953639 ]\n",
    " [ 0.16012684  0.91715415  0.36494884]\n",
    " [-0.26807993 -0.31541696  0.91029956]]\n",
    "\n",
    "Matriz de Rotação 9:\n",
    "[[ 0.16943175  0.90322679 -0.39430222]\n",
    " [-0.97122197  0.08506949 -0.22246589]\n",
    " [-0.16739407  0.42064776  0.89164717]]\n",
    "\n",
    "Matriz de Rotação 10:\n",
    "[[ 0.80843739  0.15714697 -0.56721584]\n",
    " [-0.18787626  0.98218312  0.00433858]\n",
    " [ 0.55779162  0.10305892  0.82355775]]\n",
    "\n",
    "Matriz de Rotação 11:\n",
    "[[ 0.9974061   0.00598239  0.07173068]\n",
    " [-0.0318265   0.93048684  0.36494015]\n",
    " [-0.06456124 -0.36627646  0.92826365]]\n",
    "\n",
    "Matriz de Rotação 12:\n",
    "[[ 0.95029417  0.30860531  0.04127659]\n",
    " [-0.25110403  0.83802199 -0.48442327]\n",
    " [-0.18408629  0.44997989  0.87385945]]\n",
    "\n",
    "Matriz de Rotação 13:\n",
    "[[ 0.89499694  0.14628379 -0.42140423]\n",
    " [-0.22739734  0.96235225 -0.14889123]\n",
    " [ 0.38375894  0.2290834   0.89456687]]\n",
    "```\n",
    "\n",
    "## Vetores de translação\n",
    "```python\n",
    "1.  [−2.96218416,0.57158931,16.83013775]\n",
    "2.  [2.5339942,4.31999127,13.71919122]\n",
    "3.  [−3.42743599,0.4873819,11.56153507]\n",
    "4.  [−3.99388097,2.27704342,12.68878108]\n",
    "5.  [−2.51791825,−3.43069106,12.85702135]\n",
    "6.  [2.2074184,−3.21446614,15.60125393]\n",
    "7.  [−3.72585433,−4.31084851,17.20439704]\n",
    "8.  [−1.59004094,−4.31771235,14.01040668]\n",
    "9.  [−3.50264636,1.61595403,11.97222152]\n",
    "10. [−2.16838793,−3.50011196,10.73694991]\n",
    "11. [−2.9584873,−3.94417974,13.21423743]\n",
    "12. [−3.40557513,−2.41042316,12.58706805]\n",
    "13. [−2.67642941,−3.18945603,10.58262241]\n",
    "```\n",
    "\n",
    "# Vetor de distorção:\n",
    "```python\n",
    "[-0.26509044 -0.04674186  0.00183301 -0.00031469  0.25231153]\n",
    "```"
   ]
  },
  {
   "cell_type": "code",
   "execution_count": null,
   "id": "e8ddb146",
   "metadata": {},
   "outputs": [],
   "source": [
    "# L2_chess.py\n",
    "\n",
    "import numpy as np\n",
    "import cv2 as cv\n",
    "\n",
    "cap = cv.VideoCapture(0)\n",
    "\n",
    "if not cap.isOpened():\n",
    "    print(\"Cannot open camera\")\n",
    "    exit()\n",
    "    \n",
    "i = 0\n",
    "    \n",
    "while True:\n",
    "    # Capture frame-by-frame\n",
    "    ret, frame = cap.read()\n",
    "    # if frame is read correctly ret is True\n",
    "    if not ret:\n",
    "        print(\"Can't receive frame (stream end?). Exiting ...\")\n",
    "        break\n",
    "    \n",
    "    # Display the resulting frame\n",
    "    cv.imshow('frame', frame)\n",
    "\n",
    "    # Save on \"s\" key or exit on \"q\"\n",
    "    k = cv.waitKey(1) \n",
    "    if  k == ord('s'):\n",
    "        cv.imwrite(r\"3B/samir\"+str(i)+\".jpg\",frame)\n",
    "        i = i + 1\n",
    "        print(\"samir\"+str(i), i)\n",
    "    elif k == ord('q'):\n",
    "        break\n",
    "\n",
    "# When everything done, release the capture\n",
    "cap.release()\n",
    "cv.destroyAllWindows()\n"
   ]
  },
  {
   "cell_type": "code",
   "execution_count": null,
   "id": "ab78512c",
   "metadata": {},
   "outputs": [],
   "source": [
    "# L2_cal.py\n",
    "\n",
    "import cv2\n",
    "import numpy as np\n",
    "import os\n",
    "import glob\n",
    " \n",
    "# Defining the dimensions of checkerboard\n",
    "CHECKERBOARD = (6,8)\n",
    "criteria = (cv2.TERM_CRITERIA_EPS + cv2.TERM_CRITERIA_MAX_ITER, 30, 0.001)\n",
    " \n",
    "# Creating vector to store vectors of 3D points for each checkerboard image\n",
    "objpoints = []\n",
    "# Creating vector to store vectors of 2D points for each checkerboard image\n",
    "imgpoints = [] \n",
    " \n",
    " \n",
    "# Defining the world coordinates for 3D points\n",
    "objp = np.zeros((1, CHECKERBOARD[0] * CHECKERBOARD[1], 3), np.float32)\n",
    "objp[0,:,:2] = np.mgrid[0:CHECKERBOARD[0], 0:CHECKERBOARD[1]].T.reshape(-1, 2)\n",
    "prev_img_shape = None\n",
    " \n",
    "# Extracting path of individual image stored in a given directory\n",
    "images = glob.glob('./3B/*.jpg')\n",
    "for fname in images:\n",
    "    img = cv2.imread(fname)\n",
    "    gray = cv2.cvtColor(img,cv2.COLOR_BGR2GRAY)\n",
    "    # Find the chess board corners\n",
    "    # If desired number of corners are found in the image then ret = true\n",
    "    ret, corners = cv2.findChessboardCorners(gray, CHECKERBOARD, cv2.CALIB_CB_ADAPTIVE_THRESH + cv2.CALIB_CB_FAST_CHECK + cv2.CALIB_CB_NORMALIZE_IMAGE)\n",
    "     \n",
    "    \"\"\"\n",
    "    If desired number of corner are detected,\n",
    "    we refine the pixel coordinates and display \n",
    "    them on the images of checker board\n",
    "    \"\"\"\n",
    "    if ret == True:\n",
    "        objpoints.append(objp)\n",
    "        # refining pixel coordinates for given 2d points.\n",
    "        corners2 = cv2.cornerSubPix(gray, corners, (11,11),(-1,-1), criteria)\n",
    "         \n",
    "        imgpoints.append(corners2)\n",
    " \n",
    "        # Draw and display the corners\n",
    "        img = cv2.drawChessboardCorners(img, CHECKERBOARD, corners2, ret)\n",
    "     \n",
    "    cv2.imshow('img',img)\n",
    "    cv2.waitKey(0)\n",
    " \n",
    "cv2.destroyAllWindows()\n",
    " \n",
    "h,w = img.shape[:2]\n",
    " \n",
    "\"\"\"\n",
    "Performing camera calibration by \n",
    "passing the value of known 3D points (objpoints)\n",
    "and corresponding pixel coordinates of the \n",
    "detected corners (imgpoints)\n",
    "\"\"\"\n",
    "ret, mtx, dist, rvecs, tvecs = cv2.calibrateCamera(objpoints, imgpoints, gray.shape[::-1], None, None)\n",
    " \n",
    "print(\"Camera matrix : \\n\")\n",
    "print(mtx)\n",
    "print(\"dist : \\n\")\n",
    "print(dist)\n",
    "print(\"rvecs : \\n\")\n",
    "print(rvecs)\n",
    "print(\"tvecs : \\n\")\n",
    "print(tvecs)"
   ]
  },
  {
   "cell_type": "markdown",
   "id": "939b3f50",
   "metadata": {},
   "source": [
    "# 3.B: Liste todos os parametros obtidos, colocando-os nas formas de vetores e matrizes.\n",
    "\n",
    "Do código 3B executado,foram obtido os seguintes parâmetros:\n",
    "```python\n",
    "Camera matrix : \n",
    "[[681.97214459   0.         328.63122084]\n",
    " [  0.         682.34022002 237.00506918]\n",
    " [  0.           0.           1.        ]]\n",
    "\n",
    "dist : \n",
    "[[ 7.73727877e-02 -1.09277605e+00  7.84512238e-03  6.38718489e-05\n",
    "   5.19749735e+00]]\n",
    "\n",
    "rvecs : \n",
    "(array([[-0.12837455],\n",
    "       [-0.0957297 ],\n",
    "       [-1.54430751]]), array([[-0.14538027],\n",
    "       [ 0.03122607],\n",
    "       [ 0.00685209]]), array([[-0.21356298],\n",
    "       [-0.06773979],\n",
    "       [-1.13632952]]), array([[-0.20285087],\n",
    "       [-0.15603571],\n",
    "       [-1.40256942]]), array([[-0.44638972],\n",
    "       [-0.26216524],\n",
    "       [ 1.45164909]]), array([[-0.52695281],\n",
    "       [ 0.18012537],\n",
    "       [ 0.55071221]]), array([[-1.13605716],\n",
    "       [ 0.16932604],\n",
    "       [-0.00797051]]), array([[-0.22790417],\n",
    "       [ 0.20765687],\n",
    "       [ 0.87021978]]), array([[-0.26567918],\n",
    "       [ 0.16070346],\n",
    "       [ 0.28863916]]), array([[-0.15987166],\n",
    "       [-0.04319511],\n",
    "       [-0.30841976]]), array([[-0.23597121],\n",
    "       [ 0.02974252],\n",
    "       [-0.73612446]]), array([[-0.04788327],\n",
    "       [ 0.12911439],\n",
    "       [ 1.43673459]]))\n",
    "\n",
    "tvecs : \n",
    "(array([[-3.3946943 ],\n",
    "       [ 1.9748252 ],\n",
    "       [11.17949976]]), array([[-1.86670823],\n",
    "       [-3.68315277],\n",
    "       [13.92822951]]), array([[-4.73861702],\n",
    "       [ 1.00754953],\n",
    "       [15.69476595]]), array([[-4.28859287],\n",
    "       [ 2.03152445],\n",
    "       [14.89176105]]), array([[ 2.96723107],\n",
    "       [-2.73650833],\n",
    "       [13.93190295]]), array([[-0.28415668],\n",
    "       [-4.66450735],\n",
    "       [15.80908521]]), array([[-2.29173779],\n",
    "       [-0.75803301],\n",
    "       [15.39315768]]), array([[ 1.51695388],\n",
    "       [-4.22556745],\n",
    "       [18.17545571]]), array([[-1.35551933],\n",
    "       [-4.34227593],\n",
    "       [18.42059263]]), array([[-4.89996914],\n",
    "       [-2.38377024],\n",
    "       [15.98243201]]), array([[-4.61906872],\n",
    "       [-0.74179852],\n",
    "       [17.44198903]]), array([[ 3.16100216],\n",
    "       [-2.72788676],\n",
    "       [15.17414217]]))\n",
    "```\n",
    "\n",
    "---\n",
    "\n",
    "## Matriz K:\n",
    "```python \n",
    "[[681.97214459   0.         328.63122084]\n",
    " [  0.         682.34022002 237.00506918]\n",
    " [  0.           0.           1.        ]]\n",
    "```\n",
    "\n",
    "## Matrizes de rotação:\n",
    "```python\n",
    "Matriz de Rotação 1:\n",
    "[[ 0.0249194   0.99950703  0.0190979 ]\n",
    " [-0.98949636  0.0219397   0.14288318]\n",
    " [ 0.14239374 -0.02245786  0.98955529]]\n",
    "\n",
    "Matriz de Rotação 2:\n",
    "[[ 0.99948993 -0.00909245  0.03061372]\n",
    " [ 0.00456117  0.98942835  0.14495077]\n",
    " [-0.03160804 -0.1447372   0.98896515]]\n",
    "\n",
    "Matriz de Rotação 3:\n",
    "[[ 0.42134967  0.9052418   0.05478816]\n",
    " [-0.89232167  0.40303211  0.20329082]\n",
    " [ 0.16194596 -0.13454518  0.97758432]]\n",
    "\n",
    "Matriz de Rotação 4:\n",
    "[[ 0.16187823  0.98674442  0.01144069]\n",
    " [-0.96010362  0.15480757  0.23288548]\n",
    " [ 0.22802734 -0.04868334  0.97243687]]\n",
    "\n",
    "Matriz de Rotação 5:\n",
    "[[ 0.11100552 -0.8936754  -0.43476666]\n",
    " [ 0.98929708  0.0576772   0.13403223]\n",
    " [-0.09470518 -0.4449917   0.89051295]]\n",
    "\n",
    "Matriz de Rotação 6:\n",
    "[[ 0.84054271 -0.54119398  0.02443435]\n",
    " [ 0.45103021  0.72406675  0.52182286]\n",
    " [-0.30009949 -0.42759376  0.85270386]]\n",
    "\n",
    "Matriz de Rotação 7:\n",
    "[[ 0.98714437 -0.0797315   0.1385239 ]\n",
    " [-0.0923913   0.42256084  0.9016131 ]\n",
    " [-0.13042174 -0.9028207   0.40976206]]\n",
    "\n",
    "Matriz de Rotação 8:\n",
    "[[ 0.62742845 -0.7737906   0.08707263]\n",
    " [ 0.72973216  0.62332342  0.28099624]\n",
    " [-0.27170666 -0.11276533  0.95575074]]\n",
    "\n",
    "Matriz de Rotação 9:\n",
    "[[ 0.94624332 -0.30110061  0.11816095]\n",
    " [ 0.25904068  0.92419658  0.28063963]\n",
    " [-0.19370471 -0.23494488  0.95251215]]\n",
    "\n",
    "Matriz de Rotação 10:\n",
    "[[ 0.95199894  0.30557662 -0.01791521]\n",
    " [-0.29874118  0.94027286  0.16321966]\n",
    " [ 0.0667213  -0.15003293  0.98642708]]\n",
    "\n",
    "Matriz de Rotação 11:\n",
    "[[ 0.74188493  0.66153091  0.1094697 ]\n",
    " [-0.66820618  0.71582546  0.20271756]\n",
    " [ 0.05574273 -0.22354143  0.97309916]]\n",
    "\n",
    "Matriz de Rotação 12:\n",
    "[[ 0.1280931  -0.9899513   0.05990473]\n",
    " [ 0.98477032  0.13411749  0.11063415]\n",
    " [-0.1175567   0.04482093  0.99205419]]\n",
    "```\n",
    "\n",
    "## Vetores de translação\n",
    "```python\n",
    "1.  [−3.3946943,1.9748252,11.17949976]\n",
    "2.  [−1.86670823,−3.68315277,13.92822951]\n",
    "3.  [−4.73861702,1.00754953,15.69476595]\n",
    "4.  [−4.28859287,2.03152445,14.89176105]\n",
    "5.  [2.96723107,−2.73650833,13.93190295]\n",
    "6.  [−0.28415668,−4.66450735,15.80908521]\n",
    "7.  [−2.29173779,−0.75803301,15.39315768]\n",
    "8.  [1.51695388,−4.22556745,18.17545571]\n",
    "9.  [−1.35551933,−4.34227593,18.42059263]\n",
    "10. [−4.89996914,−2.38377024,15.98243201]\n",
    "11. [−4.61906872,−0.74179852,17.44198903]\n",
    "12. [3.16100216,−2.72788676,15.17414217]\n",
    "```\n",
    "\n",
    "# Vetor de distorção:\n",
    "```python\n",
    "[ 7.73727877e-02 -1.09277605e+00  7.84512238e-03  6.38718489e-05 5.19749735e+00]\n",
    "```"
   ]
  },
  {
   "cell_type": "markdown",
   "id": "4b490d3b",
   "metadata": {},
   "source": [
    "# 3.C:  Realize a calibração de uma outra câmera pessoal. Liste todos os parametros obtidos, colocando-os nas formas de matrizes e vetores.\n",
    "\n",
    "Do código 3C executado,foram obtido os seguintes parâmetros. Em comparação com  o equipamento do laboratório, a câmera pessoal apresentou valores de calibração em escala bem maior:\n",
    "\n",
    "```python\n",
    "Camera matrix : \n",
    "[[1.13511501e+03 0.00000000e+00 7.77037877e+02]\n",
    " [0.00000000e+00 1.13837129e+03 6.33562127e+02]\n",
    " [0.00000000e+00 0.00000000e+00 1.00000000e+00]]\n",
    "\n",
    "dist : \n",
    "[[ 0.07726933 -0.43758116  0.00139022  0.00357039  0.58434254]]\n",
    "\n",
    "rvecs : \n",
    "(array([[-0.01173509],\n",
    "       [ 0.03004585],\n",
    "       [ 0.12983663]]), array([[-0.01148928],\n",
    "       [ 0.02584389],\n",
    "       [-0.61279625]]), array([[-0.14890958],\n",
    "       [ 0.00431857],\n",
    "       [-1.39434729]]), array([[-0.08279921],\n",
    "       [-0.12226273],\n",
    "       [-1.27395249]]), array([[-0.01742351],\n",
    "       [ 0.11871405],\n",
    "       [ 1.20276048]]), array([[-0.08593405],\n",
    "       [ 0.02045509],\n",
    "       [ 0.06374097]]), array([[0.01917521],\n",
    "       [0.01267349],\n",
    "       [0.76349495]]), array([[-0.10707673],\n",
    "       [ 0.03379654],\n",
    "       [ 0.7005548 ]]), array([[-0.13441484],\n",
    "       [ 0.00142601],\n",
    "       [-0.7024908 ]]), array([[-0.07437629],\n",
    "       [-0.18120508],\n",
    "       [-1.3923437 ]]), array([[-0.05354585],\n",
    "       [-0.12995032],\n",
    "       [-1.03465398]]), array([[-0.02062632],\n",
    "       [-0.00539937],\n",
    "       [-0.4111568 ]]), array([[-0.11921491],\n",
    "       [-0.0146227 ],\n",
    "       [ 1.18482729]]), array([[-0.06781643],\n",
    "       [ 0.00661503],\n",
    "       [ 0.8551715 ]]), array([[-0.15232861],\n",
    "       [-0.01373962],\n",
    "       [-0.76108507]]), array([[-0.06017196],\n",
    "       [-0.0401058 ],\n",
    "       [-1.56975755]]), array([[-0.07183315],\n",
    "       [-0.09131127],\n",
    "       [ 1.58480133]]))\n",
    "\n",
    "tvecs : \n",
    "(array([[-0.51390472],\n",
    "       [-3.61087759],\n",
    "       [11.98349545]]), array([[-2.23785966],\n",
    "       [-0.91020112],\n",
    "       [11.98254531]]), array([[-2.74120302],\n",
    "       [ 1.27218519],\n",
    "       [12.23502419]]), array([[-1.8170356 ],\n",
    "       [ 0.37274676],\n",
    "       [11.85786959]]), array([[ 2.41180475],\n",
    "       [-4.171764  ],\n",
    "       [11.90631951]]), array([[-1.19673582],\n",
    "       [-4.17106584],\n",
    "       [12.61140685]]), array([[ 1.85675187],\n",
    "       [-4.07619415],\n",
    "       [11.83062353]]), array([[ 1.69711179],\n",
    "       [-4.28347655],\n",
    "       [12.38334676]]), array([[-3.36115948],\n",
    "       [-1.84006522],\n",
    "       [12.48795394]]), array([[-3.01652001],\n",
    "       [ 0.72076773],\n",
    "       [12.66147845]]), array([[-3.45083683],\n",
    "       [-0.84847687],\n",
    "       [12.65008913]]), array([[-2.64590217],\n",
    "       [-2.58070564],\n",
    "       [12.8343403 ]]), array([[ 3.17631449],\n",
    "       [-4.17250226],\n",
    "       [11.66669065]]), array([[ 1.28179035],\n",
    "       [-4.54498845],\n",
    "       [10.81781082]]), array([[-4.32220073],\n",
    "       [-1.54420476],\n",
    "       [11.41354967]]), array([[-3.53420462],\n",
    "       [ 2.45834165],\n",
    "       [ 8.56083308]]), array([[ 2.1943884 ],\n",
    "       [ 0.49049849],\n",
    "       [12.30880216]]))\n",
    "```\n",
    "\n",
    "---\n",
    "\n",
    "## Matriz K:\n",
    "```python \n",
    "[[1135  0    777  ]\n",
    " [ 0   1138  633.5]\n",
    " [ 0    0    1    ]]\n",
    "\n",
    "```\n",
    "\n",
    "## Matrizes de rotação:\n",
    "```python\n",
    "Matriz de Rotação 1:\n",
    "[[ 0.99113309 -0.12962571  0.02919562]\n",
    " [ 0.12927364  0.99151504  0.01364773]\n",
    " [-0.03071699 -0.0097525   0.99948054]]\n",
    "\n",
    "Matriz de Rotação 2:\n",
    "[[ 0.81773153  0.57493463  0.02766447]\n",
    " [-0.57522236  0.81799118  0.00310882]\n",
    " [-0.02084192 -0.0184554   0.99961243]]\n",
    "\n",
    "Matriz de Rotação 3:\n",
    "[[ 0.17710234  0.97998414  0.09091671]\n",
    " [-0.98052851  0.167725    0.102138  ]\n",
    " [ 0.08484462 -0.10723531  0.99060687]]\n",
    "\n",
    "Matriz de Rotação 4:\n",
    "[[ 0.28732004  0.9567533  -0.04550086]\n",
    " [-0.94794369  0.29084121  0.12966942]\n",
    " [ 0.13729517  0.00587563  0.99051275]]\n",
    "\n",
    "Matriz de Rotação 5:\n",
    "[[ 0.35434108 -0.93146249  0.08258339]\n",
    " [ 0.92963396  0.36043619  0.07659272]\n",
    " [-0.10110929  0.04963238  0.99363652]]\n",
    "\n",
    "Matriz de Rotação 6:\n",
    "[[ 0.99776155 -0.06449301  0.01767861]\n",
    " [ 0.06273696  0.99428187  0.08641547]\n",
    " [-0.02315071 -0.08511293  0.99610232]]\n",
    "\n",
    "Matriz de Rotação 7:\n",
    "[[ 0.7223597  -0.6912714   0.01844758]\n",
    " [ 0.69150283  0.72226111 -0.01275685]\n",
    " [-0.00450552  0.02197159  0.99974844]]\n",
    "\n",
    "Matriz de Rotação 8:\n",
    "[[ 0.7641865  -0.64497652 -0.00492776]\n",
    " [ 0.64150698  0.75923781  0.10966651]\n",
    " [-0.06699098 -0.08696686  0.99395622]]\n",
    "\n",
    "Matriz de Rotação 9:\n",
    "[[ 0.76359349  0.64401776  0.04654142]\n",
    " [-0.64420141  0.75493939  0.12276427]\n",
    " [ 0.04392642 -0.12372404  0.99134395]]\n",
    "\n",
    "Matriz de Rotação 10:\n",
    "[[ 0.16633729  0.98254084 -0.08333909]\n",
    " [-0.97114259  0.17788301  0.15887008]\n",
    " [ 0.17092095  0.05450812  0.98377583]]\n",
    "\n",
    "Matriz de Rotação 11:\n",
    "[[ 0.50393916  0.85980761 -0.08231764]\n",
    " [-0.85345898  0.51033493  0.10566945]\n",
    " [ 0.13286497  0.01700376  0.99098828]]\n",
    "\n",
    "Matriz de Rotação 12:\n",
    "[[ 0.91664789  0.39969426 -0.00106735]\n",
    " [-0.39958446  0.91645253  0.02114293]\n",
    " [ 0.00942889 -0.01895413  0.99977589]]\n",
    "\n",
    "Matriz de Rotação 13:\n",
    "[[ 0.37712958 -0.92319421 -0.07406568]\n",
    " [ 0.92474093  0.37091947  0.08528167]\n",
    " [-0.05125914 -0.1006538   0.99360018]]\n",
    "\n",
    "Matriz de Rotação 14:\n",
    "[[ 0.65620321 -0.75427988 -0.02142902]\n",
    " [ 0.75385812  0.65406186  0.06245807]\n",
    " [-0.03309496 -0.05713962  0.99781751]]\n",
    "\n",
    "Matriz de Rotação 15:\n",
    "[[ 0.72454101  0.68790687  0.04271363]\n",
    " [-0.68591695  0.71359983  0.14245425]\n",
    " [ 0.06751482 -0.13251195  0.98887933]]\n",
    "\n",
    "Matriz de Rotação 16:\n",
    "[[ 8.41220284e-04  9.99918326e-01  1.27528087e-02]\n",
    " [-9.97962558e-01  2.58500595e-05  6.38022900e-02]\n",
    " [ 6.37967493e-02 -1.27804974e-02  9.97881072e-01]]\n",
    "\n",
    "Matriz de Rotação 17:\n",
    "[[-0.01617598 -0.99451245 -0.10336016]\n",
    " [ 0.99980249 -0.01489454 -0.0131577 ]\n",
    " [ 0.011546   -0.10355258  0.99455696]]\n",
    "\n",
    "```\n",
    "\n",
    "## Vetores de translação\n",
    "```python\n",
    "1.  [-0.51390472, -3.61087759, 11.98349545] \n",
    "2.  [-2.23785966, -0.91020112, 11.98254531] \n",
    "3.  [-2.74120302,  1.27218519, 12.23502419] \n",
    "4.  [-1.8170356 ,  0.37274676, 11.85786959]\n",
    "5.  [ 2.41180475, -4.171764  , 11.90631951]\n",
    "6.  [-1.19673582, -4.17106584, 12.61140685] \n",
    "7.  [ 1.85675187, -4.07619415, 11.83062353] \n",
    "8.  [ 1.69711179, -4.28347655, 12.38334676] \n",
    "9.  [-3.36115948, -1.84006522, 12.48795394] \n",
    "10. [-3.01652001,  0.72076773, 12.66147845] \n",
    "11. [-3.45083683, -0.84847687, 12.65008913]\n",
    "12. [-2.64590217, -2.58070564, 12.8343403 ]\n",
    "13. [ 3.17631449, -4.17250226, 11.66669065]\n",
    "14. [ 1.28179035, -4.54498845, 10.81781082]\n",
    "15. [-4.32220073, -1.54420476, 11.41354967]\n",
    "16. [-3.53420462,  2.45834165,  8.56083308]\n",
    "17. [ 2.1943884 ,  0.49049849, 12.30880216]\n",
    "```\n",
    "\n",
    "# Vetor de distorção:\n",
    "```python\n",
    "[ 0.07726933 -0.43758116  0.00139022  0.00357039  0.58434254]\n",
    "\n",
    "```"
   ]
  },
  {
   "cell_type": "markdown",
   "id": "c1dca5e8",
   "metadata": {},
   "source": [
    "# 3.D: Utilizando uma câmera calibrada, obtenha imagens coloridas. Elaborar um programa com a função cv.undistort(), fazendo uso dos parâmetros decalibração obtidos desta câmera. Apresentar as imagens originais e as imagens corrigidas lado a lado.\n"
   ]
  },
  {
   "cell_type": "code",
   "execution_count": null,
   "id": "3e9e0c8a",
   "metadata": {},
   "outputs": [],
   "source": [
    " pip install opencv-python"
   ]
  },
  {
   "cell_type": "code",
   "execution_count": 8,
   "id": "efc9ab66",
   "metadata": {},
   "outputs": [
    {
     "ename": "ImportError",
     "evalue": "libGL.so.1: cannot open shared object file: No such file or directory",
     "output_type": "error",
     "traceback": [
      "\u001b[0;31m---------------------------------------------------------------------------\u001b[0m",
      "\u001b[0;31mImportError\u001b[0m                               Traceback (most recent call last)",
      "Cell \u001b[0;32mIn[8], line 1\u001b[0m\n\u001b[0;32m----> 1\u001b[0m \u001b[38;5;28;01mimport\u001b[39;00m \u001b[38;5;21;01mcv2\u001b[39;00m\n\u001b[1;32m      2\u001b[0m \u001b[38;5;28;01mimport\u001b[39;00m \u001b[38;5;21;01mnumpy\u001b[39;00m \u001b[38;5;28;01mas\u001b[39;00m \u001b[38;5;21;01mnp\u001b[39;00m\n\u001b[1;32m      3\u001b[0m \u001b[38;5;28;01mimport\u001b[39;00m \u001b[38;5;21;01mos\u001b[39;00m\n",
      "\u001b[0;31mImportError\u001b[0m: libGL.so.1: cannot open shared object file: No such file or directory"
     ]
    }
   ],
   "source": [
    "import cv2\n",
    "import numpy as np\n",
    "import os\n",
    "\n",
    "camera_matrix = np.array([[1.13511501e+03, 0.00000000e+00, 7.77037877e+02],\n",
    "                          [0.00000000e+00, 1.13837129e+03, 6.33562127e+02],\n",
    "                          [0.00000000e+00, 0.00000000e+00, 1.00000000e+00]])\n",
    "dist_coeffs = np.array([0.07726933, -0.43758116, 0.00139022, 0.00357039, 0.58434254])\n",
    "\n",
    "\n",
    "input_dir = '3C'\n",
    "output_dir1 = '3D'\n",
    "output_dir2 = 'fotos_beside'\n",
    "\n",
    "if not os.path.exists(output_dir1):\n",
    "    os.makedirs(output_dir1)\n",
    "\n",
    "for filename in os.listdir(input_dir):\n",
    "    if filename.endswith('.jpg'):\n",
    "        filepath = os.path.join(input_dir, filename)\n",
    "\n",
    "        img = cv2.imread(filepath)\n",
    "\n",
    "        undistorted_img = cv2.undistort(img, camera_matrix, dist_coeffs)\n",
    "\n",
    "        output_filepath = os.path.join(output_dir1, filename)\n",
    "\n",
    "        cv2.imwrite(output_filepath, undistorted_img)\n",
    "\n",
    "if not os.path.exists(output_dir2):\n",
    "    os.makedirs(output_dir2)\n",
    "\n",
    "for filename in os.listdir(input_dir):\n",
    "    if filename.endswith('.jpg'):\n",
    "        filepath1 = os.path.join(input_dir, filename)\n",
    "        filepath2 = os.path.join(output_dir1, filename)\n",
    "\n",
    "        img1 = cv2.imread(filepath1)\n",
    "        img2 = cv2.imread(filepath2)\n",
    "\n",
    "        if img1 is not None and img2 is not None:\n",
    "            combined_img = np.hstack((img1, img2))\n",
    "\n",
    "            output_filepath = os.path.join(output_dir2, filename)\n",
    "\n",
    "            cv2.imwrite(output_filepath, combined_img)\n",
    "\n",
    "print(f\"Imagens salvas na pasta {output_dir2}.\")\n"
   ]
  }
 ],
 "metadata": {
  "kernelspec": {
   "display_name": "Python 3 (ipykernel)",
   "language": "python",
   "name": "python3"
  },
  "language_info": {
   "codemirror_mode": {
    "name": "ipython",
    "version": 3
   },
   "file_extension": ".py",
   "mimetype": "text/x-python",
   "name": "python",
   "nbconvert_exporter": "python",
   "pygments_lexer": "ipython3",
   "version": "3.10.13"
  }
 },
 "nbformat": 4,
 "nbformat_minor": 5
}
